time, atrazine
0, 1
3.593031358885021, 0.6829268292682927
3.2696864111498414, 0.7170731707317075
3.913588850174232, 0.6439024390243903
4.22857142857144, 0.5951219512195123
4.554703832752621, 0.5658536585365854
4.875261324041816, 0.526829268292683
5.521951219512205, 0.4585365853658536
6.1825783972125485, 0.41463414634146345
6.508710801393736, 0.3853658536585366
7.501045296167252, 0.32195121951219513
7.827177700348445, 0.2926829268292683
8.487804878048783, 0.24878048780487805
10.163066202090597, 0.18048780487804877
11.172125435540076, 0.14634146341463408
14.224390243902443, 0.08780487804878037
15.921951219512199, 0.05853658536585363
18.30801393728223, 0.03414634146341455
21.382578397212544, 0.014634146341463289
24.468292682926826, 0.014634146341463289
27.551219512195125, 0.00975609756097559
30.979790940766552, 0.009756097560975369
