time, atrazine
0, 1
1.705923344947756, 0.980487804878049
3.0606271777003506, 0.9512195121951219
4.072473867595821, 0.9219512195121953
5.416027874564472, 0.8731707317073172
6.75958188153311, 0.8243902439024391
7.7630662020906005, 0.7804878048780488
9.449477351916387, 0.7317073170731707
10.793031358885028, 0.6829268292682926
12.816724738675967, 0.624390243902439
14.503135888501749, 0.575609756097561
16.526829268292687, 0.5170731707317073
18.213240418118467, 0.46829268292682924
20.582578397212547, 0.41463414634146345
23.294773519163765, 0.36097560975609755
22.277351916376308, 0.3804878048780488
25.669686411149826, 0.3170731707317073
30.09059233449478, 0.2536585365853659
28.050174216027877, 0.2829268292682927
33.496864111498255, 0.21463414634146347
35.88292682926829, 0.190243902439024
38.954703832752614, 0.1658536585365849
43.04668989547038, 0.12682926829268243
47.48989547038327, 0.1024390243902437
45.4411149825784, 0.11707317073170721
50.224390243902434, 0.0878048780487804
54.33031358885017, 0.0731707317073167
61.5163763066202, 0.04878048780487776
64.25644599303135, 0.04390243902439003
66.9965156794425, 0.039024390243901697
69.39372822299651, 0.034146341463413915
72.13379790940763, 0.02926829268292605
75.21672473867594, 0.02439024390243902
77.95679442508708, 0.019512195121950515
80.3567944250871, 0.019512195121950904
82.75400696864111, 0.014634146341462873
