time, atrazine
0, 1
2.246689895470386, 0.7268292682926829
2.89337979094077, 0.6585365853658538
3.1972125435540164, 0.5902439024390244
3.5177700348432133, 0.551219512195122
3.8411149825784037, 0.5170731707317073
3.8188153310104553, 0.4780487804878048
4.808362369337992, 0.4097560975609756
5.128919860627191, 0.37073170731707317
6.126829268292692, 0.3170731707317073
6.450174216027879, 0.28292682926829266
7.448083623693384, 0.22926829268292684
9.123344947735196, 0.1609756097560975
10.129616724738684, 0.12195121951219504
11.478745644599307, 0.08292682926829267
13.862020905923348, 0.05365853658536571
16.590940766550524, 0.029268292682926744
19.325435540069687, 0.0146341463414634
22.068292682926828, 0.014634146341463206
24.808362369337978, 0.009756097560975535
