time, atrazine
0, 1
3.6432055749128978, 0.7707317073170732
3.960975609756101, 0.7268292682926829
4.616027874564468, 0.6731707317073172
5.273867595818828, 0.624390243902439
5.934494773519173, 0.580487804878049
6.9379790940766615, 0.5365853658536586
8.259233449477355, 0.44878048780487806
9.259930313588859, 0.39999999999999997
9.923344947735194, 0.36097560975609755
12.284320557491291, 0.29268292682926833
13.633449477351919, 0.25365853658536586
16.337282229965158, 0.18536585365853644
18.034843205574916, 0.1560975609756096
20.069686411149828, 0.11707317073170728
23.135888501742162, 0.0829268292682926
25.867595818815328, 0.06341463414634141
28.599303135888505, 0.04390243902438995
32.362369337979096, 0.02926829268292666
35.782578397212546, 0.014634146341463206
30.650871080139375, 0.03414634146341444
