time, atrazine
0, 1
2.0599303135888647, 1
3.7658536585365994, 0.9853658536585366
7.860627177700364, 0.9512195121951219
9.218118466898957, 0.9268292682926831
10.924041811846692, 0.9121951219512197
12.629965156794436, 0.8975609756097562
15.013240418118468, 0.8682926829268292
16.376306620209068, 0.853658536585366
18.07665505226481, 0.8292682926829269
19.77979094076655, 0.8097560975609757
22.503135888501756, 0.775609756097561
24.549128919860628, 0.75609756097561
27.61254355400698, 0.7170731707317075
30.34146341463416, 0.6926829268292685
32.72473867595819, 0.6634146341463414
35.456445993031366, 0.6439024390243904
37.8452961672474, 0.6243902439024391
39.88850174216029, 0.6000000000000001
42.27735191637631, 0.5804878048780489
45.349128919860625, 0.5560975609756098
47.73797909407666, 0.5365853658536586
49.786759581881526, 0.5219512195121951
52.172822299651564, 0.49756097560975615
56.27038327526132, 0.4682926829268293
58.662020905923335, 0.45365853658536587
62.7595818815331, 0.42439024390243896
65.49686411149825, 0.41463414634146345
68.56864111498257, 0.3902439024390244
71.30592334494773, 0.38048780487804873
74.38048780487804, 0.36097560975609744
79.50662020905924, 0.33170731707317075
77.45783972125433, 0.3463414634146342
88.398606271777, 0.2926829268292682
85.66132404181185, 0.30243902439024384
82.58397212543554, 0.3170731707317073
92.1616724738676, 0.2780487804878049
94.21324041811847, 0.2682926829268293
99.34494773519164, 0.24878048780487796
97.63623693379792, 0.25853658536585367
96.26480836236934, 0.25853658536585356
