time, Fe2
36.748768472906406, 3.22698217217922e-7
35.71428571428571, 3.2259558996012225e-7
34.679802955665025, 3.2249296270232263e-7
33.64532019704433, 3.194141449683323e-7
32.3152709359606, 3.192821956368757e-7
31.133004926108374, 3.1916490734224755e-7
29.655172413793096, 3.1901829697396223e-7
28.47290640394088, 3.1890100867933406e-7
27.142857142857135, 3.1579286887168687e-7
25.073891625615765, 3.155876143560874e-7
23.152709359605915, 3.1539702087731667e-7
21.82266009852217, 3.122888810696695e-7
19.753694581280783, 3.091074360778795e-7
17.684729064039413, 3.089021815622802e-7
16.650246305418715, 3.087995543044805e-7
15.467980295566505, 3.057060755336619e-7
14.137931034482751, 3.085503166783956e-7
12.660098522167491, 3.0840370631011033e-7
11.625615763546797, 3.083010790523107e-7
10.44334975369458, 3.0818379075768244e-7
9.55665024630542, 3.0511963406052084e-7
7.931034482758623, 3.0198217217921655e-7
6.748768472906405, 3.018648838845884e-7
5.566502463054181, 3.0174759558996016e-7
4.8275862068965525, 3.0167429040581753e-7
4.088669950738912, 2.9862479474548443e-7
3.349753694581275, 2.9259910860896084e-7
2.7586206896551717, 2.8361189303307533e-7
2.3152709359605925, 2.6868695754163737e-7
1.871921182266009, 2.507858315740089e-7
1.5763546798029555, 2.2397079521463758e-7
1.133004926108372, 2.0309347877081866e-7
0.8374384236453203, 1.6139749003049496e-7
0.985221674876847, 1.822454844006568e-7
