time, Fe2
0.8374384236453203, 3.3401653764954256e-7
0.9852216748768434, 3.5486453201970444e-7
1.1330049261083772, 3.8464109781843774e-7
1.1330049261083683, 4.2035538353272345e-7
1.4285714285714342, 4.6205137227304714e-7
1.724137931034484, 5.156521229181328e-7
1.8719211822660125, 5.484048791930565e-7
2.610837438423637, 5.960972319962467e-7
2.315270935960581, 5.722583861130659e-7
3.20197044334975, 6.169892094768942e-7
4.0886699507389155, 6.260057471264367e-7
4.9753694581280605, 6.32046094299789e-7
5.862068965517237, 6.3213406052076e-7
7.044334975369448, 6.322513488153882e-7
8.374384236453206, 6.32383298146845e-7
10.591133004926109, 6.326032136992729e-7
12.660098522167488, 6.328084682148723e-7
13.546798029556657, 6.358726249120338e-7
14.433497536945815, 6.389367816091956e-7
16.059113300492605, 6.390980530143093e-7
17.684729064039395, 6.392593244194231e-7
20.197044334975374, 6.39508562045508e-7
22.413793103448278, 6.397284775979359e-7
24.187192118226605, 6.399044100398782e-7
25.960591133004925, 6.400803424818206e-7
28.47290640394089, 6.403295801079054e-7
31.133004926108367, 6.405934787708188e-7
33.940886699507395, 6.40872038470561e-7
36.89655172413794, 6.411652592071313e-7
39.11330049261083, 6.413851747595593e-7
40.14778325123153, 6.414878020173588e-7
