time, Fe2
0.8374384236453185, 2.0306415669716162e-7
0.985221674876847, 2.3879310344827584e-7
1.133004926108372, 2.715458597231996e-7
1.7241379310344804, 3.5196164672765654e-7
2.4630541871921094, 4.1453495191179926e-7
2.7586206896551637, 4.5027855969974196e-7
3.20197044334975, 4.949653999530847e-7
3.6453201970443416, 5.18818906873094e-7
4.827586206896552, 5.516742904058176e-7
4.236453201970436, 5.337585034013605e-7
6.305418719211824, 5.667018531550552e-7
7.044334975369446, 5.727275392915787e-7
8.078817733990153, 5.728301665493784e-7
9.261083743842365, 5.729474548440065e-7
10.443349753694582, 5.730647431386348e-7
13.694581280788164, 5.733872859488624e-7
15.467980295566502, 5.705870279146143e-7
16.798029556650242, 5.707189772460709e-7
19.01477832512316, 5.709388927984988e-7
20.19704433497536, 5.680799906169366e-7
21.083743842364537, 5.681679568379078e-7
22.857142857142858, 5.683438892798501e-7
24.48275862068965, 5.685051606849638e-7
25.3694581280788, 5.62640745953554e-7
26.55172413793104, 5.657342247243726e-7
27.73399014778325, 5.658515130190009e-7
28.768472906403932, 5.659541402768006e-7
30.098522167487694, 5.631098991320668e-7
31.2807881773399, 5.632271874266951e-7
33.34975369458128, 5.634324419422944e-7
34.384236453201964, 5.635350692000941e-7
35.71428571428571, 5.606908280553603e-7
37.33990147783251, 5.608520994604742e-7
38.37438423645321, 5.609547267182739e-7
39.55665024630541, 5.580958245367115e-7
