time, Fe2
3.497536945812807, 1.0213757916959889e-7
4.384236453201968, 1.171064977715224e-7
5.566502463054186, 1.2912854797091254e-7
6.748768472906401, 1.3817440769411213e-7
7.783251231527091, 1.472056063804833e-7
8.965517241379311, 1.5327527562749246e-7
10, 1.563540933614826e-7
11.330049261083744, 1.5946223316912977e-7
12.51231527093596, 1.5957952146375794e-7
13.546798029556651, 1.62658339197748e-7
14.581280788177338, 1.6276096645554779e-7
15.911330049261085, 1.6289291578700466e-7
17.389162561576356, 1.6303952615528974e-7
19.014778325123153, 1.6320079756040336e-7
20.64039408866995, 1.6336206896551746e-7
22.857142857142854, 1.6358198451794533e-7
24.926108374384235, 1.637872390335446e-7
26.55172413793103, 1.6394851043865838e-7
28.62068965517241, 1.641537649542579e-7
30.541871921182267, 1.6434435843302871e-7
33.05418719211823, 1.6459359605911328e-7
35.71428571428572, 1.6485749472202703e-7
37.635467980295566, 1.680242786769883e-7
39.40886699507389, 1.6522402064273966e-7
40.14778325123152, 1.6232113535069242e-7
