time, HOOdot + OOdot
39.78102189781021, 6.059470280518575e-11
39.05109489051094, 6.071802490705116e-11
38.32116788321167, 6.432712779363874e-11
37.44525547445255, 6.448426173193984e-11
36.27737226277372, 6.469437089005995e-11
34.96350364963503, 6.493156211365171e-11
33.7956204379562, 6.514312871121652e-11
32.481751824817515, 6.538196523122664e-11
31.313868613138684, 6.559499937788494e-11
29.854014598540143, 6.58622684456276e-11
28.102189781021895, 6.618442919305068e-11
27.080291970802918, 6.637308352788455e-11
25.91240875912409, 6.658934703664267e-11
24.306569343065693, 6.68878603936391e-11
22.700729927007302, 6.718771195604305e-11
20.656934306569347, 6.757128610627269e-11
19.197080291970806, 6.784660762186197e-11
17.44525547445255, 6.817847462762204e-11
15.98540145985401, 6.845627015360182e-11
14.525547445255471, 6.873519756695068e-11
13.065693430656932, 6.901526147958154e-11
11.751824817518246, 6.926829453472511e-11
10.437956204379562, 6.952225529376464e-11
9.416058394160583, 6.59426613188147e-11
7.956204379562044, 6.621134694702269e-11
6.934306569343066, 6.280222654948402e-11
6.058394160583943, 5.954441930965415e-11
5.182481751824819, 5.645560779808147e-11
4.452554744525549, 5.350526448517415e-11
3.8686131386861335, 4.794196156389324e-11
3.284671532846719, 4.29571127385174e-11
2.7007299270073037, 3.8490572238484625e-11
2.1167883211678866, 3.2619710593559e-11
1.6788321167883264, 2.7633076807763776e-11
1.2408759124087645, 2.0940704479678864e-11
0.8029197080292025, 1.6778258458722794e-11
