time, HOOdot + OOdot
39.781021897810206, 1.916172750053811e-9
39.05109489051094, 1.9200725373311672e-9
38.467153284671525, 1.9231980808970748e-9
37.73722627737226, 1.9271121661002445e-9
36.569343065693424, 2.044152552464687e-9
35.6934306569343, 1.9381140351919124e-9
34.817518248175176, 1.9428483285090938e-9
33.503649635036496, 1.9499714609540465e-9
32.335766423357654, 1.9563250556299286e-9
31.605839416058387, 2.07260977365536e-9
30.583941605839414, 2.197592968789554e-9
29.854014598540143, 2.202065501394066e-9
28.832116788321166, 2.0886845362926404e-9
27.22627737226277, 2.21824212035772e-9
26.350364963503647, 2.223660691533405e-9
25.036496350364963, 2.2318133761181983e-9
23.722627737226276, 2.239995951174237e-9
22.55474452554744, 2.247294533042916e-9
21.386861313868614, 2.2546168958908894e-9
20.21897810218978, 2.2619631172037277e-9
19.051094890510953, 2.399340194592731e-9
17.88321167883211, 2.407157968027495e-9
16.71532846715328, 2.4150012141241247e-9
15.547445255474448, 2.4228700158802286e-9
14.379562043795616, 2.4307644565638475e-9
13.357664233576639, 2.4376931897610863e-9
11.8978102189781, 2.447625654010636e-9
10.145985401459852, 2.459598046227276e-9
9.270072992700728, 2.4656061852643744e-9
7.956204379562044, 2.474645923033411e-9
6.642335766423358, 2.483718803507656e-9
5.182481751824817, 2.493838800694081e-9
4.306569343065695, 2.49993058072036e-9
3.5766423357664268, 2.5050184296487468e-9
3.138686131386863, 2.243642274319177e-9
2.5547445255474504, 2.1255261231495393e-9
1.970802919708035, 1.8013254405935819e-9
1.3868613138686126, 1.3656229973088727e-9
0.8029197080292008, 9.261522028280562e-10
1.0948905109489093, 1.156387442954378e-9
