time, HOOdot + OOdot
36.56934306569342, 2.0824655211591422e-7
35.985401459854, 2.0858554122097805e-7
34.817518248175176, 2.092651757749726e-7
33.35766423357664, 2.1011783388871264e-7
32.1897810218978, 2.1080246111400125e-7
30.875912408759117, 2.1157533351387107e-7
29.999999999999993, 2.1209215536714892e-7
29.27007299270072, 2.246989951207472e-7
28.10218978102189, 2.254311321636035e-7
26.35036496350365, 2.2653381301174667e-7
24.89051094890511, 2.2745683277834574e-7
23.138686131386862, 2.28569422201452e-7
21.67883211678832, 2.2950073612729416e-7
20.21897810218978, 2.3043584472357043e-7
19.197080291970806, 2.3109268684698497e-7
17.88321167883211, 2.3193995000763232e-7
16.131386861313864, 2.3307446828972658e-7
14.96350364963503, 2.3383389514825408e-7
13.35766423357664, 2.348821490225835e-7
11.605839416058393, 2.36031058868408e-7
10.14598540145985, 2.3699277548797262e-7
8.978102189781016, 2.3776496937219811e-7
7.372262773722626, 2.388308458575824e-7
6.204379562043794, 2.3960902872900487e-7
4.7445255474452575, 2.405853239091024e-7
3.868613138686129, 2.411730093963901e-7
2.992700729927005, 2.417621304418681e-7
2.2627737226277382, 2.2912775606023879e-7
1.6788321167883193, 2.053037991673675e-7
1.2408759124087574, 1.7391863839643656e-7
0.8029197080292008, 1.3179780288326938e-7
