time, HOOdot + OOdot
39.781021897810206, 2.777953567212787e-8
38.905109489051085, 2.7847393634919877e-8
38.029197080291965, 2.7915417356534087e-8
36.42335766423356, 2.8040559369752303e-8
35.40145985401459, 2.81204871283015e-8
34.087591240875895, 2.8223586248954582e-8
32.91970802919707, 2.8315547198597424e-8
31.751824817518248, 2.8407807784728152e-8
30.437956204379557, 2.851196031910357e-8
28.832116788321162, 2.863977657452835e-8
27.518248175182478, 2.8744779584151282e-8
26.788321167883208, 3.045338040129413e-8
25.76642335766423, 3.054018574649523e-8
24.30656934306569, 3.066462277752747e-8
22.846715328467152, 3.078956683149743e-8
22.116788321167885, 3.085222963734376e-8
20.656934306569347, 3.097793810187851e-8
19.489051094890513, 3.107887355992752e-8
18.321167883211672, 3.1180137896117493e-8
17.15328467153284, 3.1281732182032386e-8
15.839416058394157, 3.1396421485448714e-8
14.671532846715323, 3.1498720488478276e-8
13.795620437956202, 3.1575663423310975e-8
12.62773722627737, 3.349336593787528e-8
11.605839416058393, 3.3588836560639327e-8
10.437956204379558, 3.369827911270441e-8
9.270072992700726, 3.380807826158638e-8
8.102189781021893, 3.391823516918518e-8
6.788321167883212, 3.404259077526321e-8
5.912408759124086, 3.412574770363798e-8
4.744525547445253, 3.423693967401392e-8
3.576642335766425, 3.434849394133888e-8
2.8467153284671536, 3.44183998617028e-8
2.26277372262774, 3.0839686881983084e-8
1.5328467153284713, 2.764431540832385e-8
1.094890510948904, 2.214937273411269e-8
0.9489051094890524, 2.0957741458437883e-8
