time, OHdot
39.78102189781021, 2.8651685393258377e-13
38.17518248175182, 2.79775280898876e-13
36.56934306569343, 2.797752808988755e-13
35.40145985401459, 2.865168539325845e-13
33.503649635036496, 2.9325842696629233e-13
31.751824817518244, 2.932584269662917e-13
28.832116788321166, 2.9325842696629183e-13
25.328467153284674, 2.932584269662914e-13
23.868613138686133, 2.932584269662923e-13
21.678832116788325, 2.932584269662921e-13
19.34306569343066, 2.9325842696629167e-13
17.299270072992694, 2.93258426966292e-13
15.109489051094886, 2.932584269662917e-13
13.649635036496349, 2.932584269662917e-13
12.335766423357663, 2.86516853932584e-13
10.729927007299269, 2.8651685393258427e-13
9.27007299270073, 2.797752808988764e-13
7.810218978102189, 2.662921348314605e-13
6.788321167883213, 2.595505617977526e-13
5.7664233576642365, 2.39325842696629e-13
4.744525547445258, 2.1910112359550562e-13
3.8686131386861344, 1.9887640449438198e-13
3.1386861313868666, 1.7191011235955056e-13
2.408759124087595, 1.449438202247191e-13
1.824817518248178, 1.1797752808988764e-13
