time, OHdot
39.63503649635036, 1.210112359550562e-12
37.88321167883211, 1.2033707865168538e-12
36.131386861313864, 1.2101123595505616e-12
33.065693430656935, 1.2101123595505618e-12
30.291970802919707, 1.210112359550562e-12
27.51824817518248, 1.2101123595505616e-12
25.182481751824817, 1.2101123595505616e-12
23.284671532846716, 1.2101123595505618e-12
20.656934306569344, 1.2101123595505618e-12
18.029197080291965, 1.2101123595505618e-12
15.839416058394157, 1.2101123595505618e-12
14.52554744525547, 1.2101123595505618e-12
12.33576642335766, 1.2101123595505618e-12
9.124087591240869, 1.2101123595505618e-12
7.6642335766423315, 1.203370786516854e-12
6.204379562043796, 1.203370786516854e-12
5.328467153284672, 1.203370786516854e-12
4.306569343065692, 1.196629213483146e-12
3.576642335766423, 1.1831460674157304e-12
2.8467153284671527, 1.1561797752808988e-12
2.4087591240875943, 1.1089887640449438e-12
1.9708029197080315, 1.0685393258426967e-12
1.8248175182481763, 1.0213483146067415e-12
1.6788321167883247, 9.741573033707865e-13
1.3868613138686143, 9.269662921348314e-13
1.386861313868616, 8.797752808988764e-13
1.240875912408761, 8.191011235955055e-13
1.0948905109489075, 7.719101123595505e-13
0.9489051094890542, 7.247191011235955e-13
0.9489051094890542, 6.707865168539326e-13
0.8029197080292025, 6.370786516853932e-13
