time, OHdot
39.78102189781021, 1.0348314606741575e-12
38.75912408759123, 1.0415730337078653e-12
38.029197080291965, 1.0415730337078653e-12
37.15328467153284, 1.048314606741573e-12
35.83941605839416, 1.048314606741573e-12
34.379562043795616, 1.0483146067415731e-12
33.065693430656935, 1.0483146067415731e-12
32.18978102189781, 1.0550561797752811e-12
30.729927007299267, 1.0550561797752811e-12
29.562043795620436, 1.055056179775281e-12
28.39416058394161, 1.055056179775281e-12
27.518248175182478, 1.0550561797752807e-12
25.620437956204377, 1.0617977528089887e-12
24.014598540145982, 1.0617977528089887e-12
22.846715328467155, 1.0617977528089887e-12
21.678832116788325, 1.0617977528089887e-12
20.656934306569347, 1.0752808988764043e-12
19.051094890510957, 1.0752808988764045e-12
17.737226277372258, 1.0752808988764045e-12
16.423357664233574, 1.0752808988764045e-12
15.25547445255474, 1.0820224719101123e-12
13.795620437956199, 1.0820224719101125e-12
12.627737226277368, 1.0820224719101123e-12
11.605839416058394, 1.0820224719101123e-12
10.729927007299269, 1.0820224719101123e-12
8.394160583941602, 1.0820224719101123e-12
7.518248175182481, 1.0820224719101123e-12
6.642335766423358, 1.0752808988764045e-12
5.912408759124086, 1.0685393258426967e-12
5.182481751824815, 1.055056179775281e-12
4.452554744525545, 1.0213483146067415e-12
3.7226277372262784, 9.876404494382023e-13
3.1386861313868613, 9.067415730337078e-13
3.4306569343065707, 9.47191011235955e-13
2.4087591240875907, 8.191011235955055e-13
2.700729927007302, 8.595505617977528e-13
2.116788321167883, 7.651685393258427e-13
1.824817518248178, 7.112359550561798e-13
1.6788321167883247, 6.707865168539326e-13
1.5328467153284695, 6.235955056179776e-13
1.3868613138686179, 5.629213483146067e-13
1.094890510948911, 5.157303370786517e-13
0.9489051094890542, 4.4831460674157305e-13
0.9489051094890577, 4.078651685393258e-13
