time, OHdot
36.27737226277372, 6.303370786516854e-13
35.54744525547444, 6.303370786516853e-13
34.379562043795616, 6.303370786516854e-13
33.503649635036496, 6.235955056179774e-13
32.481751824817515, 6.235955056179775e-13
30, 6.235955056179773e-13
27.51824817518248, 6.235955056179775e-13
26.350364963503655, 6.235955056179774e-13
25.62043795620438, 6.168539325842698e-13
24.598540145985403, 6.168539325842695e-13
23.284671532846716, 6.168539325842698e-13
21.24087591240876, 6.168539325842698e-13
20.072992700729934, 6.168539325842696e-13
18.613138686131382, 6.168539325842698e-13
17.737226277372258, 6.101123595505619e-13
16.569343065693424, 6.101123595505618e-13
14.671532846715326, 6.101123595505617e-13
13.211678832116785, 6.101123595505617e-13
12.043795620437955, 6.101123595505618e-13
10.875912408759124, 6.101123595505618e-13
9.70802919708029, 6.03370786516854e-13
7.956204379562044, 6.03370786516854e-13
7.226277372262773, 6.03370786516854e-13
5.328467153284671, 6.03370786516854e-13
4.306569343065693, 5.966292134831462e-13
3.430656934306568, 5.831460674157304e-13
2.5547445255474495, 5.561797752808989e-13
1.8248175182481798, 5.089887640449439e-13
1.5328467153284713, 4.4157303370786514e-13
1.2408759124087645, 4.078651685393258e-13
